0 1 7 1 4 33 -1 -1 10 16 22 29 31 36 39 41 42 43 44 46 47 48 49 50 51 0 0 -100
1 1 2 2 -1 -1 -1 -1 -1 -1 -1 -1 -1 -1 -1 -1 -1 -1 -1 -1 -1 -1 -1 -1 -1 -1 -1  -100
2 3 2 2 3 3 3 3 3 3 3 3 3 3 3 3 3 3 3 3 3 3 3 3 3 3 3 3 -100
4 26 7 26 6 5 26 26 26 26 26 26 26 26 26 26 26 26 26 26 26 26 26 26 26 26 26 -100
7 15 7 15 15 15 8 12 15 15 15 15 15 15 15 15 15 15 15 15 15 15 15 15 15 15 15 -100
8 -1 9 -1 -1 -1 -1 -1 -1 -1 -1 -1 -1 -1 -1 -1 -1 -1 -1 -1 -1 -1 -1 -1 -1 -1 -1 -100
9 15 9 15 15 15 15 12 15 15 15 15 15 15 15 15 15 15 15 15 15 15 15 15 15 15 15 -100
10 11 7 11 11 11 11 11 11 11 11 11 11 11 11 11 11 11 11 11 11 11 11 11 11 11 11  -100
12 -1 -1 -1 13 -1 -1 -1 13 -1 -1 -1 -1 -1 -1 -1 -1 -1 -1 -1 -1 -1 -1 -1 -1 -1 -1 -100
13 -1 14 -1 -1 -1 -1 -1 -1 -1 -1 -1 -1 -1 -1 -1 -1 -1 -1 -1 -1 -1 -1 -1 -1 -1 -1 -100
14 15 14 15 15 15 15 15 15 15 15 15 15 15 15 15 15 15 15 15 15 15 15 15 15 15 15 -100 
16 17 17 17 17 20 17 17 17 18 19 17 17 17 17 17 17 17 17 17 17 17 17 17 17 17 17 -100
22 21 21 21 21 24 21 21 21 21 23  21 21 21 21 21 21 21 21 21 21 21 21 21 21 21 21 -100
29 -1 -1 -1 -1 30 -1 -1 -1 -1 -1 -1 -1 -1 -1 -1 -1 -1 -1 -1 -1 -1 -1 -1 -1 -1 -1 -100
31 -1 -1 -1 -1 32 -1 -1 -1 -1 -1 -1 -1 -1 -1 -1 -1 -1 -1 -1 -1 -1 -1 -1 -1 -1 -1 -100
33 52 52 52 52 34 52 52 52 52 52 52 52 52 52 52 52 52 52 52 52 52 52 52 52 52 52 -100
36 36 36 36 36 36 36 36 36 36 36 36 36 38 36 36 36 36 36 36 36 36 36 36 36 36 36 -100
39 -1 -1 -1 -1 -1 -1 -1 -1 -1 -1 -1 -1 -1 -1 -1 40 -1 -1 -1 -1 -1 -1 -1 -1 -1 -1 -100
44 -1 -1 -1 -1 -1 -1 -1 -1 -1 -1 -1 -1 -1 -1 -1 -1 -1 45 -1 -1 -1 -1 -1 -1 -1 -1 -100  